# correlate time_erai_tmax_84-82N_-40--25E.dat time mon 2 ave 1 end 2018 standardunits dump time_erai_tmax_84-82N_-40--25E_mon2_ave1_dump0.txt
# atlas/series/ERAi/monthly/84-82N_-40--25E/time_erai_tmax_84-82N_-40--25E.dat 
# tmax [Celsius]
# time                
# time      0.234  85.34    40   -32.     4.0      -1.4     12.      0    4.0   **********
  -20.8750      -38.1497     1979   2 1979   2
  -19.8750      -28.1420     1980   2 1980   2
  -18.8750      -29.7578     1981   2 1981   2
  -17.8750      -37.2308     1982   2 1982   2
  -16.8750      -33.0166     1983   2 1983   2
  -15.8750      -28.9376     1984   2 1984   2
  -14.8750      -37.2742     1985   2 1985   2
  -13.8750      -27.7535     1986   2 1986   2
  -12.8750      -36.3526     1987   2 1987   2
  -11.8750      -33.4088     1988   2 1988   2
  -10.8750      -34.0198     1989   2 1989   2
  -9.87500      -35.2159     1990   2 1990   2
  -8.87500      -35.0630     1991   2 1991   2
  -7.87500      -31.5717     1992   2 1992   2
  -6.87500      -30.8009     1993   2 1993   2
  -5.87500      -29.9388     1994   2 1994   2
  -4.87500      -32.3069     1995   2 1995   2
  -3.87500      -29.7272     1996   2 1996   2
  -2.87500      -34.0011     1997   2 1997   2
  -1.87500      -36.9041     1998   2 1998   2
 -0.875000      -35.9374     1999   2 1999   2
  0.125000      -30.6216     2000   2 2000   2
   1.12500      -35.8709     2001   2 2001   2
   2.12500      -39.5671     2002   2 2002   2
   3.12500      -36.4762     2003   2 2003   2
   4.12500      -34.8702     2004   2 2004   2
   5.12500      -24.4809     2005   2 2005   2
   6.12500      -33.5015     2006   2 2006   2
   7.12500      -27.6944     2007   2 2007   2
   8.12500      -26.3576     2008   2 2008   2
   9.12500      -30.5076     2009   2 2009   2
   10.1250      -33.4330     2010   2 2010   2
   11.1250      -32.1748     2011   2 2011   2
   12.1250      -30.9644     2012   2 2012   2
   13.1250      -40.3724     2013   2 2013   2
   14.1250      -29.1238     2014   2 2014   2
   15.1250      -32.9665     2015   2 2015   2
   16.1250      -28.6443     2016   2 2016   2
   17.1250      -31.4117     2017   2 2017   2
   18.1250      -22.6309     2018   2 2018   2
